All Regressors results
-----------------------------


    MAE GB: [38807.11410307156, 41195.07909933636, 40397.70509442616, 38869.94849006721, 39942.506876820255, 40261.16996120162, 40072.270174374105, 39763.77768797037, 38963.06417291837, 41905.59233630108]

    MAE RFOREST: [31775.986641472868, 32324.076575581395, 31464.310910852717, 31206.242860465114, 31551.60297286821, 31397.396910852713, 32038.825529069767, 31787.888703488374, 31955.455327519383, 32141.4641744186]

    MAE MLP: [37450.41153665312, 38204.56603855018, 37360.59450657931, 36724.62542632916, 38876.522813047064, 37128.24380827077, 38322.40396260891, 37842.2317881506, 37034.01813335603, 38044.75797470743]

    MAE LINEAR: [48973.409367956025, 50854.965092921084, 49926.55879187644, 49129.021179826224, 49550.79756816982, 50076.08673859655, 50106.71498474214, 49377.985816230546, 49387.18996258042, 50592.00903684264]

    MAE PYFUME: [49380.31908440523, 50868.242584011175, 49776.40121434415, 49839.06942302291, 50581.19244132632, 48801.34028461668, 49877.07574274308, 50266.02926591261, 49600.635777422474, 48539.6713378281]

    ALL MAE: [[38807.11410307156, 41195.07909933636, 40397.70509442616, 38869.94849006721, 39942.506876820255, 40261.16996120162, 40072.270174374105, 39763.77768797037, 38963.06417291837, 41905.59233630108], [31775.986641472868, 32324.076575581395, 31464.310910852717, 31206.242860465114, 31551.60297286821, 31397.396910852713, 32038.825529069767, 31787.888703488374, 31955.455327519383, 32141.4641744186], [37450.41153665312, 38204.56603855018, 37360.59450657931, 36724.62542632916, 38876.522813047064, 37128.24380827077, 38322.40396260891, 37842.2317881506, 37034.01813335603, 38044.75797470743], [48973.409367956025, 50854.965092921084, 49926.55879187644, 49129.021179826224, 49550.79756816982, 50076.08673859655, 50106.71498474214, 49377.985816230546, 49387.18996258042, 50592.00903684264], [49380.31908440523, 50868.242584011175, 49776.40121434415, 49839.06942302291, 50581.19244132632, 48801.34028461668, 49877.07574274308, 50266.02926591261, 49600.635777422474, 48539.6713378281]]

        
-----------------------------


    R2 GB: [0.7461223348048773, 0.7113180824775083, 0.712395836773905, 0.7424485667826421, 0.7191393037263755, 0.7165531284881579, 0.7212621203090368, 0.718307176811289, 0.7310894727612705, 0.6958948513573111]

    R2 RFOREST: [0.8220100805415882, 0.8181487618707914, 0.8218552261193454, 0.8253385021989705, 0.8208273689769503, 0.8235413369879382, 0.8201236430606038, 0.8172511232179036, 0.8128560809187091, 0.8138117681993363]

    R2 MLP: [0.7796732135664833, 0.7615302694216629, 0.7557434379271307, 0.7870137550317999, 0.7442875492390153, 0.7656079604708108, 0.7608947674203563, 0.7651262229272363, 0.7713427232974772, 0.7679998243765712]

    R2 LINEAR: [0.6678149174947056, 0.6285304400953036, 0.6284767590986939, 0.6662671257487482, 0.6366730289738902, 0.6358833926435462, 0.644617283348748, 0.6400279131540538, 0.6453053372863876, 0.6357418674974136]

    R2 PYFUME: [0.6543595855314543, 0.6475941177191649, 0.6326419571306096, 0.6413944405493619, 0.6286885821410005, 0.6531477107443492, 0.6548709886816249, 0.6337427891091696, 0.6445708910382325, 0.6613187195185493]

    ALL R2: [[0.7461223348048773, 0.7113180824775083, 0.712395836773905, 0.7424485667826421, 0.7191393037263755, 0.7165531284881579, 0.7212621203090368, 0.718307176811289, 0.7310894727612705, 0.6958948513573111], [0.8220100805415882, 0.8181487618707914, 0.8218552261193454, 0.8253385021989705, 0.8208273689769503, 0.8235413369879382, 0.8201236430606038, 0.8172511232179036, 0.8128560809187091, 0.8138117681993363], [0.7796732135664833, 0.7615302694216629, 0.7557434379271307, 0.7870137550317999, 0.7442875492390153, 0.7656079604708108, 0.7608947674203563, 0.7651262229272363, 0.7713427232974772, 0.7679998243765712], [0.6678149174947056, 0.6285304400953036, 0.6284767590986939, 0.6662671257487482, 0.6366730289738902, 0.6358833926435462, 0.644617283348748, 0.6400279131540538, 0.6453053372863876, 0.6357418674974136], [0.6543595855314543, 0.6475941177191649, 0.6326419571306096, 0.6413944405493619, 0.6286885821410005, 0.6531477107443492, 0.6548709886816249, 0.6337427891091696, 0.6445708910382325, 0.6613187195185493]]

        