All Regressors Embedded results
-----------------------------


    MAE GB: [35171.77639248395, 34412.28764968976, 33949.427360379574, 33475.585293359945, 34029.177498021956, 33877.11423173651, 34394.238361557065, 33169.79839901251, 34652.621709089886, 34444.07463391133, 34480.31823377771, 33988.159790142694, 34321.36978993002, 34081.8742589782, 35586.34693044384]

    MAE RFOREST: [32500.12188833431, 31857.38016637307, 31635.500785378747, 30764.45015560775, 32242.016531121553, 32065.40000195733, 32714.104639851244, 31554.299328146404, 32166.05260716383, 31649.755119886475, 32210.140845077316, 31917.251254159328, 32323.81061558035, 31888.691781659814, 32580.37057202975]

    MAE MLP: [37874.41787883376, 36975.97405881306, 37457.047946731036, 36844.683723808834, 37605.95911004903, 37353.5476094187, 37460.40440613698, 36945.68950494537, 37524.98922266631, 37464.137871798834, 37550.51896174914, 37725.48046911805, 37898.94680152543, 38026.30628044056, 38494.4180966843]

    MAE LINEAR: [46161.53414006252, 45693.03605601019, 45437.86736445492, 44829.43605979177, 45525.62045276088, 45979.209116346414, 45404.20489257042, 44656.08934900147, 45927.682036643135, 46354.23525709088, 45592.46124524881, 45444.16385046376, 45706.68895991267, 45507.124978319065, 46137.725669239124]

    ALL MAE: [[35171.77639248395, 34412.28764968976, 33949.427360379574, 33475.585293359945, 34029.177498021956, 33877.11423173651, 34394.238361557065, 33169.79839901251, 34652.621709089886, 34444.07463391133, 34480.31823377771, 33988.159790142694, 34321.36978993002, 34081.8742589782, 35586.34693044384], [32500.12188833431, 31857.38016637307, 31635.500785378747, 30764.45015560775, 32242.016531121553, 32065.40000195733, 32714.104639851244, 31554.299328146404, 32166.05260716383, 31649.755119886475, 32210.140845077316, 31917.251254159328, 32323.81061558035, 31888.691781659814, 32580.37057202975], [37874.41787883376, 36975.97405881306, 37457.047946731036, 36844.683723808834, 37605.95911004903, 37353.5476094187, 37460.40440613698, 36945.68950494537, 37524.98922266631, 37464.137871798834, 37550.51896174914, 37725.48046911805, 37898.94680152543, 38026.30628044056, 38494.4180966843], [46161.53414006252, 45693.03605601019, 45437.86736445492, 44829.43605979177, 45525.62045276088, 45979.209116346414, 45404.20489257042, 44656.08934900147, 45927.682036643135, 46354.23525709088, 45592.46124524881, 45444.16385046376, 45706.68895991267, 45507.124978319065, 46137.725669239124]]

        
-----------------------------


    R2 GB: [0.7713136715084608, 0.7797282066152064, 0.7864496242391261, 0.7885257832404607, 0.7768552680518191, 0.790036366872261, 0.7760496134805354, 0.7885273783151495, 0.7725107033984526, 0.7846020382829597, 0.7879214203216595, 0.7831661303393445, 0.7869222488611718, 0.7861870907397207, 0.770677525823239]

    R2 RFOREST: [0.8138963761085091, 0.8220745827511668, 0.8263761814403241, 0.8282363508048914, 0.8078078461445137, 0.8203133154368907, 0.8059703677419572, 0.8195178743939971, 0.8128420065104536, 0.8231259063628259, 0.8220240551231459, 0.8186291090149104, 0.8214808863236913, 0.8228268658314762, 0.8143499207598626]

    R2 MLP: [0.7705396858903619, 0.770303506425529, 0.7745448455339228, 0.7727729737696472, 0.7569600714127542, 0.7595219403077481, 0.7617149664317474, 0.770945945341081, 0.7647184967732401, 0.7727567622982827, 0.7734376927816431, 0.7694244867066866, 0.7717036631724602, 0.7547379986071189, 0.762598807554892]

    R2 LINEAR: [0.6822761627753529, 0.6873427812152708, 0.6974793046716541, 0.6939969381936961, 0.6807888221419643, 0.6868445967159953, 0.6847668734782004, 0.6949752736397388, 0.6720275919734653, 0.682365768292607, 0.6954470391091776, 0.6868471511334029, 0.6943867416530648, 0.6851898611786196, 0.6869161443233649]

    ALL R2: [[0.7713136715084608, 0.7797282066152064, 0.7864496242391261, 0.7885257832404607, 0.7768552680518191, 0.790036366872261, 0.7760496134805354, 0.7885273783151495, 0.7725107033984526, 0.7846020382829597, 0.7879214203216595, 0.7831661303393445, 0.7869222488611718, 0.7861870907397207, 0.770677525823239], [0.8138963761085091, 0.8220745827511668, 0.8263761814403241, 0.8282363508048914, 0.8078078461445137, 0.8203133154368907, 0.8059703677419572, 0.8195178743939971, 0.8128420065104536, 0.8231259063628259, 0.8220240551231459, 0.8186291090149104, 0.8214808863236913, 0.8228268658314762, 0.8143499207598626], [0.7705396858903619, 0.770303506425529, 0.7745448455339228, 0.7727729737696472, 0.7569600714127542, 0.7595219403077481, 0.7617149664317474, 0.770945945341081, 0.7647184967732401, 0.7727567622982827, 0.7734376927816431, 0.7694244867066866, 0.7717036631724602, 0.7547379986071189, 0.762598807554892], [0.6822761627753529, 0.6873427812152708, 0.6974793046716541, 0.6939969381936961, 0.6807888221419643, 0.6868445967159953, 0.6847668734782004, 0.6949752736397388, 0.6720275919734653, 0.682365768292607, 0.6954470391091776, 0.6868471511334029, 0.6943867416530648, 0.6851898611786196, 0.6869161443233649]]

        