All Regressors results
-----------------------------


    MAE GB: [4.156685993927127, 3.964697382319575, 4.132377192818496, 3.875536339151039, 4.094562111931903, 4.023819144837626, 4.4855043657189, 4.097593551939041, 4.508764448141497, 3.9868989649155555, 4.057704763382377, 4.425429611938291, 3.776446206942652, 4.0244692927583925, 3.7163877140344064, 3.867926247603857, 4.065750801949016, 4.315412920112266, 4.205905352181776, 4.078701109733269, 3.717050136458091, 4.164186977242426, 3.545753515327656, 4.004848657567944, 3.659174790631637, 3.7652106810073414, 3.884508505399546, 3.9084409758969247, 3.8363948067155347, 4.092684239086713, 3.8099112101739716, 4.287501638204366, 4.1814589986439845, 4.019416507418495, 3.951538135628164, 4.163396533968664, 3.8006499789205614, 4.189872969110409, 4.30776004959918, 3.6712959641503766, 3.9220406037435565, 4.151603874140152, 4.221297475118213, 4.095614684747973, 4.392226724853317, 4.252664485117852, 3.9893686287076635, 3.9455538021945196, 4.026397705707732, 3.9707593340121385]

    MAE RFOREST: [3.2728151061277195, 3.492072855297154, 3.4367852588593535, 3.1446653354558896, 3.4487469412144662, 3.535116743417004, 3.68166837393872, 3.2754507590439244, 3.780113316722035, 3.6656541482096734, 3.309280847176079, 3.970452316352897, 3.038923283499445, 3.0785688236741673, 3.0263070293466203, 3.3849910606619917, 3.4815448966408264, 3.9504192894056835, 3.6039139737910646, 3.8618506958287195, 3.4026046142487996, 3.4970448301956423, 3.2149189817890953, 3.289056289221116, 3.476299153746766, 3.2903308176448856, 3.345697703949794, 3.375445734126986, 3.460653592346498, 3.4944738427464017, 3.4255879863418226, 3.5932775987449257, 3.775921136950904, 3.2721558564045736, 3.7015985695828713, 3.462953090623846, 3.490051695275012, 3.3980756995201173, 3.768224963547433, 3.2544043041712816, 3.6690094481358484, 3.318812543373938, 3.6824445011997033, 3.4308224270948657, 3.5666619093761533, 3.7960918696936097, 3.7858202639350287, 3.1909709205426364, 3.3934068269349065, 3.4093359431524544]

    MAE MLP: [3.7602807348527665, 3.809705942837763, 3.7234275527990426, 3.7074086264020183, 4.092254103689897, 3.6073859326539917, 3.9437001230433197, 3.3297499916352824, 4.138187959591829, 4.060275544508692, 3.500883638978292, 3.553275139613979, 3.781221066434236, 3.921261201154676, 3.5446813916781874, 3.690659223183509, 3.93789237700046, 3.8303154234726926, 3.382546904872441, 4.002665425839981, 4.047414801446384, 3.7126006039334496, 3.810054067796708, 3.610105765022403, 3.2194963694490824, 3.859583032126671, 3.9605719617563913, 3.2991708695830737, 3.768928684256341, 3.652245545814996, 3.3521768940016305, 3.3828595983743157, 3.8256970775520194, 3.991115382726198, 3.95737823094119, 3.6205393500379888, 3.4765077606329347, 3.502814215130175, 4.001504559457985, 3.360278101447302, 3.3681623397960534, 4.069415429510601, 3.6988777174710123, 3.7669191685505217, 3.434750014288442, 4.00260508308086, 3.6419226852860933, 3.7538401162842914, 3.4914733912910885, 3.702714146530173]

    MAE LINEAR: [8.046726822195405, 8.409033445196645, 8.20607369275634, 7.977976396794356, 8.38478133318338, 8.307423122438133, 8.839680090095369, 7.7003485798871925, 9.147978294867274, 7.837903567427273, 7.961606696649808, 8.674945571311243, 8.757903031194967, 8.910064457514098, 8.508430481783476, 7.738822625628874, 8.080137014991983, 7.965526780656941, 8.333726039081952, 8.378918004523316, 8.45491326532689, 9.064359924179515, 8.292790395948563, 8.522162637590894, 8.133932301988777, 8.207234474259476, 7.764881184156754, 8.295439862731131, 7.836500145378469, 8.4912264164958, 7.990076994267947, 8.72707862144982, 8.419182366979928, 8.170111883252714, 8.085026377887642, 8.299513697994456, 8.03087046401762, 8.001619985391969, 8.183926174836587, 8.524952349939792, 8.23848322110932, 9.170723205053843, 8.059980254723978, 7.8360576859138105, 8.395172642672717, 8.267760198835983, 8.547823343567543, 8.335486624852653, 8.376653618390447, 7.691109735766278]

    MAE PYFUME: [8.793543953113703, 7.897506724227806, 8.555904706296229, 8.39435645792495, 8.316856441304575, 7.77925433470474, 8.04716406993324, 7.761640039940761, 8.551601820467452, 8.215692482028034, 7.905652635325845, 8.209457587611965, 8.350108116768233, 8.829196389352717, 8.199693259386475, 8.040428848298593, 7.937052695276505, 8.212087471716469, 8.915338442451551, 8.154092869136901, 8.196835881534549, 8.950061377736072, 8.244005084660392, 8.375779148751276, 8.700055029646109, 7.402716455481619, 8.121579041075847, 7.99524058629656, 7.777615975698826, 7.747027733432031, 8.028953770403266, 7.863155952074179, 8.336567236338539, 8.074020380201013, 8.334742530685023, 8.396449474441102, 7.787724979268435, 8.493347501727461, 7.550665227551762, 7.81675784757237, 7.833490380218246, 7.737588718485367, 8.41985617376476, 7.882404072394645, 8.190224734121939, 7.8532901597422295, 8.366313127507775, 7.541276471079728, 8.251139516734158, 8.932074437547044]

    ALL MAE: [[4.156685993927127, 3.964697382319575, 4.132377192818496, 3.875536339151039, 4.094562111931903, 4.023819144837626, 4.4855043657189, 4.097593551939041, 4.508764448141497, 3.9868989649155555, 4.057704763382377, 4.425429611938291, 3.776446206942652, 4.0244692927583925, 3.7163877140344064, 3.867926247603857, 4.065750801949016, 4.315412920112266, 4.205905352181776, 4.078701109733269, 3.717050136458091, 4.164186977242426, 3.545753515327656, 4.004848657567944, 3.659174790631637, 3.7652106810073414, 3.884508505399546, 3.9084409758969247, 3.8363948067155347, 4.092684239086713, 3.8099112101739716, 4.287501638204366, 4.1814589986439845, 4.019416507418495, 3.951538135628164, 4.163396533968664, 3.8006499789205614, 4.189872969110409, 4.30776004959918, 3.6712959641503766, 3.9220406037435565, 4.151603874140152, 4.221297475118213, 4.095614684747973, 4.392226724853317, 4.252664485117852, 3.9893686287076635, 3.9455538021945196, 4.026397705707732, 3.9707593340121385], [3.2728151061277195, 3.492072855297154, 3.4367852588593535, 3.1446653354558896, 3.4487469412144662, 3.535116743417004, 3.68166837393872, 3.2754507590439244, 3.780113316722035, 3.6656541482096734, 3.309280847176079, 3.970452316352897, 3.038923283499445, 3.0785688236741673, 3.0263070293466203, 3.3849910606619917, 3.4815448966408264, 3.9504192894056835, 3.6039139737910646, 3.8618506958287195, 3.4026046142487996, 3.4970448301956423, 3.2149189817890953, 3.289056289221116, 3.476299153746766, 3.2903308176448856, 3.345697703949794, 3.375445734126986, 3.460653592346498, 3.4944738427464017, 3.4255879863418226, 3.5932775987449257, 3.775921136950904, 3.2721558564045736, 3.7015985695828713, 3.462953090623846, 3.490051695275012, 3.3980756995201173, 3.768224963547433, 3.2544043041712816, 3.6690094481358484, 3.318812543373938, 3.6824445011997033, 3.4308224270948657, 3.5666619093761533, 3.7960918696936097, 3.7858202639350287, 3.1909709205426364, 3.3934068269349065, 3.4093359431524544], [3.7602807348527665, 3.809705942837763, 3.7234275527990426, 3.7074086264020183, 4.092254103689897, 3.6073859326539917, 3.9437001230433197, 3.3297499916352824, 4.138187959591829, 4.060275544508692, 3.500883638978292, 3.553275139613979, 3.781221066434236, 3.921261201154676, 3.5446813916781874, 3.690659223183509, 3.93789237700046, 3.8303154234726926, 3.382546904872441, 4.002665425839981, 4.047414801446384, 3.7126006039334496, 3.810054067796708, 3.610105765022403, 3.2194963694490824, 3.859583032126671, 3.9605719617563913, 3.2991708695830737, 3.768928684256341, 3.652245545814996, 3.3521768940016305, 3.3828595983743157, 3.8256970775520194, 3.991115382726198, 3.95737823094119, 3.6205393500379888, 3.4765077606329347, 3.502814215130175, 4.001504559457985, 3.360278101447302, 3.3681623397960534, 4.069415429510601, 3.6988777174710123, 3.7669191685505217, 3.434750014288442, 4.00260508308086, 3.6419226852860933, 3.7538401162842914, 3.4914733912910885, 3.702714146530173], [8.046726822195405, 8.409033445196645, 8.20607369275634, 7.977976396794356, 8.38478133318338, 8.307423122438133, 8.839680090095369, 7.7003485798871925, 9.147978294867274, 7.837903567427273, 7.961606696649808, 8.674945571311243, 8.757903031194967, 8.910064457514098, 8.508430481783476, 7.738822625628874, 8.080137014991983, 7.965526780656941, 8.333726039081952, 8.378918004523316, 8.45491326532689, 9.064359924179515, 8.292790395948563, 8.522162637590894, 8.133932301988777, 8.207234474259476, 7.764881184156754, 8.295439862731131, 7.836500145378469, 8.4912264164958, 7.990076994267947, 8.72707862144982, 8.419182366979928, 8.170111883252714, 8.085026377887642, 8.299513697994456, 8.03087046401762, 8.001619985391969, 8.183926174836587, 8.524952349939792, 8.23848322110932, 9.170723205053843, 8.059980254723978, 7.8360576859138105, 8.395172642672717, 8.267760198835983, 8.547823343567543, 8.335486624852653, 8.376653618390447, 7.691109735766278], [8.793543953113703, 7.897506724227806, 8.555904706296229, 8.39435645792495, 8.316856441304575, 7.77925433470474, 8.04716406993324, 7.761640039940761, 8.551601820467452, 8.215692482028034, 7.905652635325845, 8.209457587611965, 8.350108116768233, 8.829196389352717, 8.199693259386475, 8.040428848298593, 7.937052695276505, 8.212087471716469, 8.915338442451551, 8.154092869136901, 8.196835881534549, 8.950061377736072, 8.244005084660392, 8.375779148751276, 8.700055029646109, 7.402716455481619, 8.121579041075847, 7.99524058629656, 7.777615975698826, 7.747027733432031, 8.028953770403266, 7.863155952074179, 8.336567236338539, 8.074020380201013, 8.334742530685023, 8.396449474441102, 7.787724979268435, 8.493347501727461, 7.550665227551762, 7.81675784757237, 7.833490380218246, 7.737588718485367, 8.41985617376476, 7.882404072394645, 8.190224734121939, 7.8532901597422295, 8.366313127507775, 7.541276471079728, 8.251139516734158, 8.932074437547044]]

        
-----------------------------


    R2 GB: [0.8775518710493626, 0.8820728587944959, 0.9028206398277792, 0.9056483740184996, 0.892266137071062, 0.884939455142059, 0.8692684020258304, 0.8850393124408132, 0.8522353672344045, 0.8759582473328037, 0.8828350079706384, 0.8631268126391789, 0.9003306413741297, 0.8931255545736638, 0.9001055700006574, 0.8860547432733651, 0.8656446234628136, 0.8582820353795609, 0.8743420693932604, 0.8802527090973531, 0.9055432771560517, 0.872063642002925, 0.9054945671382424, 0.8796083290619933, 0.8841551045295197, 0.9132682186037173, 0.8937842069663843, 0.8814655955768235, 0.9146739695860179, 0.8807803164979803, 0.9046940742767223, 0.8594333644455685, 0.8910805671363298, 0.8717355849934488, 0.8936450162732004, 0.879696712222166, 0.8781985305591565, 0.8901899205196642, 0.8861428702528611, 0.9082712145801299, 0.8976762214758923, 0.8834029461197973, 0.8743170703135559, 0.8779603947465404, 0.8700712909157114, 0.8785898001402886, 0.8929105964417653, 0.8824438058875512, 0.9050552444926553, 0.8867073158383667]

    R2 RFOREST: [0.9189265015206787, 0.8899130131537331, 0.924118732809534, 0.9322847090890752, 0.9137599831336086, 0.9090338459215004, 0.9066350770301247, 0.9271547026969064, 0.8850857230943201, 0.88464879999586, 0.9083867118482746, 0.8800997820254726, 0.9273789578995355, 0.9313198049138451, 0.9262039928539045, 0.9082345754376726, 0.8926784569701994, 0.8791975520493285, 0.9018279568597086, 0.8858160314341695, 0.9174772356133976, 0.9007728768777072, 0.8991929896917468, 0.9191195496229365, 0.8918706174977655, 0.9269174453018827, 0.9145960265728817, 0.9056508333460314, 0.926426300770451, 0.909744946993553, 0.9176928084713051, 0.8998176785826637, 0.904810836968824, 0.9033909179444306, 0.8951037959012127, 0.90363018990612, 0.8955911789623292, 0.9175807538124758, 0.9040073210083353, 0.9302567553761459, 0.9031968610261719, 0.9140617507664771, 0.9005208385516421, 0.9097789007907907, 0.9098302330455988, 0.8871119534464533, 0.8902988445771239, 0.9175314981319543, 0.9238483516759588, 0.9119982889361207]

    R2 MLP: [0.8854777409905873, 0.8814390262362992, 0.9205367073753652, 0.9099620652696567, 0.8850658831296963, 0.9003371166415315, 0.9004232527518544, 0.9220768743575392, 0.8793998124329743, 0.8751346071406915, 0.9085996564055132, 0.9146838984674002, 0.8894649162076792, 0.8952867759315007, 0.9105955840042584, 0.892894377649624, 0.8718550020273799, 0.8844334532923197, 0.9174316471907074, 0.8878781244420136, 0.8891990681412951, 0.8905146924331245, 0.8776908864085289, 0.9039505190435051, 0.9150859124342741, 0.8893508959009994, 0.8891806190576892, 0.9136843946040115, 0.9030050065729245, 0.8934936183056734, 0.9194340312311888, 0.9163558446700896, 0.8919919301317561, 0.8489125472921835, 0.8879132511932106, 0.9157269567953474, 0.8905879560396304, 0.9200925820245498, 0.8970703840673908, 0.9302906726824435, 0.9245021606954253, 0.8840511242582707, 0.8989802209694697, 0.8970233230771337, 0.925533279041892, 0.8949090225365798, 0.8914366943226945, 0.8923913365480493, 0.9179839751266119, 0.901016081863879]

    R2 LINEAR: [0.6116356813834809, 0.6013372388426205, 0.6498558562265313, 0.6334747575282328, 0.6342815820302504, 0.5705967440187469, 0.5961901647930097, 0.6504743533486601, 0.5026196673545453, 0.6053059049202347, 0.5786778970394605, 0.5876304317035939, 0.5632116493531174, 0.5132760796671437, 0.5942222371076806, 0.6285794321231097, 0.5823327240691535, 0.6185760756947172, 0.5623438042998661, 0.612218917637116, 0.637420380383007, 0.516443586386822, 0.565541342094978, 0.6142568179643892, 0.5985911703364291, 0.6092688365608656, 0.6354208457765362, 0.6075486393758622, 0.6676712524321653, 0.588850297327441, 0.6230341721512862, 0.5709446752878082, 0.6525515506101038, 0.5813077177913916, 0.6271441092127101, 0.6193390847526238, 0.6008343604933262, 0.6534292483494628, 0.6442319373831511, 0.6035689828965096, 0.6487669128348026, 0.5391500857306988, 0.575362848614337, 0.626691210001316, 0.6243008634946117, 0.6118331637076867, 0.6039474842862056, 0.6101950362061089, 0.6064684296330243, 0.668084775885156]

    R2 PYFUME: [0.5171962371047659, 0.6317324592650608, 0.6080565966774678, 0.5803629640297459, 0.6404141181048195, 0.6259794297872778, 0.6694561858091238, 0.6448434765753844, 0.5742366647083026, 0.5637221203657732, 0.5894717375150331, 0.6027609683007726, 0.6123261699890999, 0.5147347826043823, 0.6382217953642628, 0.562807919577206, 0.6115381069889916, 0.5999106746858585, 0.5284506926675969, 0.6336829769354784, 0.6076832085774466, 0.5213622974578831, 0.5674374268666169, 0.6232812795522259, 0.503918558603292, 0.6620970848873621, 0.5831022181878264, 0.6463512286174407, 0.6637642787012457, 0.6492749672279001, 0.6119729773700829, 0.6416543985201852, 0.6295027073480732, 0.5950686478573108, 0.5780861788184455, 0.5761910110768867, 0.606169238784019, 0.576141826091104, 0.7075346962120161, 0.6400391706897063, 0.648115999303738, 0.6471764922914209, 0.523051324757357, 0.650440196453254, 0.6139870769832039, 0.6619202066650854, 0.6072123311934685, 0.6711779954272462, 0.6114834291640434, 0.5120257423381235]

    ALL R2: [[0.8775518710493626, 0.8820728587944959, 0.9028206398277792, 0.9056483740184996, 0.892266137071062, 0.884939455142059, 0.8692684020258304, 0.8850393124408132, 0.8522353672344045, 0.8759582473328037, 0.8828350079706384, 0.8631268126391789, 0.9003306413741297, 0.8931255545736638, 0.9001055700006574, 0.8860547432733651, 0.8656446234628136, 0.8582820353795609, 0.8743420693932604, 0.8802527090973531, 0.9055432771560517, 0.872063642002925, 0.9054945671382424, 0.8796083290619933, 0.8841551045295197, 0.9132682186037173, 0.8937842069663843, 0.8814655955768235, 0.9146739695860179, 0.8807803164979803, 0.9046940742767223, 0.8594333644455685, 0.8910805671363298, 0.8717355849934488, 0.8936450162732004, 0.879696712222166, 0.8781985305591565, 0.8901899205196642, 0.8861428702528611, 0.9082712145801299, 0.8976762214758923, 0.8834029461197973, 0.8743170703135559, 0.8779603947465404, 0.8700712909157114, 0.8785898001402886, 0.8929105964417653, 0.8824438058875512, 0.9050552444926553, 0.8867073158383667], [0.9189265015206787, 0.8899130131537331, 0.924118732809534, 0.9322847090890752, 0.9137599831336086, 0.9090338459215004, 0.9066350770301247, 0.9271547026969064, 0.8850857230943201, 0.88464879999586, 0.9083867118482746, 0.8800997820254726, 0.9273789578995355, 0.9313198049138451, 0.9262039928539045, 0.9082345754376726, 0.8926784569701994, 0.8791975520493285, 0.9018279568597086, 0.8858160314341695, 0.9174772356133976, 0.9007728768777072, 0.8991929896917468, 0.9191195496229365, 0.8918706174977655, 0.9269174453018827, 0.9145960265728817, 0.9056508333460314, 0.926426300770451, 0.909744946993553, 0.9176928084713051, 0.8998176785826637, 0.904810836968824, 0.9033909179444306, 0.8951037959012127, 0.90363018990612, 0.8955911789623292, 0.9175807538124758, 0.9040073210083353, 0.9302567553761459, 0.9031968610261719, 0.9140617507664771, 0.9005208385516421, 0.9097789007907907, 0.9098302330455988, 0.8871119534464533, 0.8902988445771239, 0.9175314981319543, 0.9238483516759588, 0.9119982889361207], [0.8854777409905873, 0.8814390262362992, 0.9205367073753652, 0.9099620652696567, 0.8850658831296963, 0.9003371166415315, 0.9004232527518544, 0.9220768743575392, 0.8793998124329743, 0.8751346071406915, 0.9085996564055132, 0.9146838984674002, 0.8894649162076792, 0.8952867759315007, 0.9105955840042584, 0.892894377649624, 0.8718550020273799, 0.8844334532923197, 0.9174316471907074, 0.8878781244420136, 0.8891990681412951, 0.8905146924331245, 0.8776908864085289, 0.9039505190435051, 0.9150859124342741, 0.8893508959009994, 0.8891806190576892, 0.9136843946040115, 0.9030050065729245, 0.8934936183056734, 0.9194340312311888, 0.9163558446700896, 0.8919919301317561, 0.8489125472921835, 0.8879132511932106, 0.9157269567953474, 0.8905879560396304, 0.9200925820245498, 0.8970703840673908, 0.9302906726824435, 0.9245021606954253, 0.8840511242582707, 0.8989802209694697, 0.8970233230771337, 0.925533279041892, 0.8949090225365798, 0.8914366943226945, 0.8923913365480493, 0.9179839751266119, 0.901016081863879], [0.6116356813834809, 0.6013372388426205, 0.6498558562265313, 0.6334747575282328, 0.6342815820302504, 0.5705967440187469, 0.5961901647930097, 0.6504743533486601, 0.5026196673545453, 0.6053059049202347, 0.5786778970394605, 0.5876304317035939, 0.5632116493531174, 0.5132760796671437, 0.5942222371076806, 0.6285794321231097, 0.5823327240691535, 0.6185760756947172, 0.5623438042998661, 0.612218917637116, 0.637420380383007, 0.516443586386822, 0.565541342094978, 0.6142568179643892, 0.5985911703364291, 0.6092688365608656, 0.6354208457765362, 0.6075486393758622, 0.6676712524321653, 0.588850297327441, 0.6230341721512862, 0.5709446752878082, 0.6525515506101038, 0.5813077177913916, 0.6271441092127101, 0.6193390847526238, 0.6008343604933262, 0.6534292483494628, 0.6442319373831511, 0.6035689828965096, 0.6487669128348026, 0.5391500857306988, 0.575362848614337, 0.626691210001316, 0.6243008634946117, 0.6118331637076867, 0.6039474842862056, 0.6101950362061089, 0.6064684296330243, 0.668084775885156], [0.5171962371047659, 0.6317324592650608, 0.6080565966774678, 0.5803629640297459, 0.6404141181048195, 0.6259794297872778, 0.6694561858091238, 0.6448434765753844, 0.5742366647083026, 0.5637221203657732, 0.5894717375150331, 0.6027609683007726, 0.6123261699890999, 0.5147347826043823, 0.6382217953642628, 0.562807919577206, 0.6115381069889916, 0.5999106746858585, 0.5284506926675969, 0.6336829769354784, 0.6076832085774466, 0.5213622974578831, 0.5674374268666169, 0.6232812795522259, 0.503918558603292, 0.6620970848873621, 0.5831022181878264, 0.6463512286174407, 0.6637642787012457, 0.6492749672279001, 0.6119729773700829, 0.6416543985201852, 0.6295027073480732, 0.5950686478573108, 0.5780861788184455, 0.5761910110768867, 0.606169238784019, 0.576141826091104, 0.7075346962120161, 0.6400391706897063, 0.648115999303738, 0.6471764922914209, 0.523051324757357, 0.650440196453254, 0.6139870769832039, 0.6619202066650854, 0.6072123311934685, 0.6711779954272462, 0.6114834291640434, 0.5120257423381235]]

        