All Regressors Embedded results
-----------------------------


    MAE GB: [3.7796129749022547, 3.807525096671784, 3.683533988806846, 3.8837849703435, 4.254899039645594]

    MAE RFOREST: [3.652189591775594, 3.764896627801138, 4.027242046802063, 3.9368986120448324, 3.9343111250000167]

    MAE MLP: [4.245279463665073, 3.995315433886564, 4.249777775086595, 4.162889584519469, 4.337763521823516]

    MAE LINEAR: [5.73921640889416, 5.841411354329652, 6.468168427166376, 6.043769717878237, 6.838504885286532]

    ALL MAE: [[3.7796129749022547, 3.807525096671784, 3.683533988806846, 3.8837849703435, 4.254899039645594], [3.652189591775594, 3.764896627801138, 4.027242046802063, 3.9368986120448324, 3.9343111250000167], [4.245279463665073, 3.995315433886564, 4.249777775086595, 4.162889584519469, 4.337763521823516], [5.73921640889416, 5.841411354329652, 6.468168427166376, 6.043769717878237, 6.838504885286532]]

        
-----------------------------


    R2 GB: [0.8777927325971058, 0.886802746000391, 0.9013894836407766, 0.8740488424066555, 0.8607373845748147]

    R2 RFOREST: [0.9007743389147636, 0.8988515199186841, 0.8916224270336216, 0.8885751838843621, 0.885048621426826]

    R2 MLP: [0.8312172861754772, 0.8638098664403308, 0.8477114887634986, 0.8541164474452555, 0.8331823044205139]

    R2 LINEAR: [0.7753178600010379, 0.767018395122966, 0.7281193579475609, 0.7793032507337181, 0.723445214579617]

    ALL R2: [[0.8777927325971058, 0.886802746000391, 0.9013894836407766, 0.8740488424066555, 0.8607373845748147], [0.9007743389147636, 0.8988515199186841, 0.8916224270336216, 0.8885751838843621, 0.885048621426826], [0.8312172861754772, 0.8638098664403308, 0.8477114887634986, 0.8541164474452555, 0.8331823044205139], [0.7753178600010379, 0.767018395122966, 0.7281193579475609, 0.7793032507337181, 0.723445214579617]]

        