All Regressors results
-----------------------------


    MAE GB: [1788.8065145982555, 2050.1647109600553, 1841.246422108187, 1801.444608898317, 1917.2304067368473, 1455.8089011846491, 2025.1413712653505, 1919.0561582586515, 2453.788964493315, 1595.630399877398, 1291.3893096109819, 2291.7514281263275, 1811.1384128941022, 2313.1381293231825, 1542.8135201734467, 2551.540671532921, 1718.1884390091213, 2183.7289142326604, 1591.3812745419937, 2318.1832386279284, 1880.916174713673, 1860.68576645717, 2226.1407980738772, 1960.5456632925238, 2027.1234806528641, 1767.1075139215347, 2487.0434248158776, 2324.7312426417543, 1859.5608639239501, 2297.9977781839702, 1769.9559273721243, 2278.2852885144634, 1557.354053987496, 1822.982594556483, 1658.2071155595665, 2464.03208853792, 1953.6868641405745, 1651.4235981652187, 2234.046440403903, 2256.3157762010924, 1900.8187772978904, 1620.2358780457857, 2047.3457899885989, 1759.5142008026708, 1732.60413445086, 1986.2551106303533, 1559.3203803314318, 1953.48804599448, 1711.3555656946285, 1849.9627241717342]

    MAE RFOREST: [2713.3626892912525, 2720.8292120353626, 2725.687925158147, 2729.9398632980606, 3052.305205082644, 2530.7260496885056, 2701.1072438057167, 2819.703709743208, 3231.3231417668553, 2867.9817642336907, 2553.085429340761, 2838.660818896305, 2750.6923098567836, 2721.2815002019565, 2536.548096025535, 2925.5525785698337, 2677.0634284514344, 2807.294091704534, 2672.6117689953517, 2618.3842495738604, 2729.8091726890266, 2762.1940067195465, 2783.145385452721, 2728.1826404156095, 2681.680528129918, 2659.3387464536286, 2980.19319921798, 2771.1267407658756, 2828.9369347902, 3249.7824222666086, 2873.5614719390414, 2902.966108398109, 2694.4814727016615, 2686.599255976618, 2525.3456413476274, 2807.569509668459, 2603.3352009406326, 2552.828105237707, 2906.8485455452624, 2753.8287922705313, 2551.8096357379077, 2638.830786306694, 2992.9077014260056, 2561.564856505972, 2775.080619535759, 2951.4503215760046, 2611.0131046490487, 2916.097905264667, 2589.7641145483026, 2917.4561342865604]

    MAE MLP: [3802.432550295709, 3662.6941435266745, 3500.0247286407484, 3617.9645461261857, 3830.579867913075, 3163.9517114802584, 3546.005658879437, 3527.240858048651, 3694.949138035157, 3804.124998769461, 3345.5365014669055, 3867.806533838128, 3327.8369474545616, 4044.2889030521005, 3758.499690319156, 3598.562789809783, 3618.238282487749, 3755.5607281868324, 3486.750602149524, 3955.510318452783, 3774.4735705152348, 3822.158172694491, 3372.3259376989913, 3679.0928951892924, 3706.1204792519707, 3475.9582915974747, 3339.324632386627, 3681.927826275739, 3490.5984148631437, 4004.9684841858043, 3781.9877449041915, 3451.5170004590013, 3739.388160952075, 3376.2825893356785, 3736.4514655659927, 3687.5447005390447, 3627.725123582876, 3594.1133653705474, 3715.6577226916543, 3669.2339542941154, 3793.800962406988, 3147.785426187842, 3786.5916753120805, 3646.1052864983735, 3956.7799912200726, 3600.8263764437356, 3649.0380272427324, 3686.391379167989, 3379.52702304339, 3756.0387607834905]

    MAE LINEAR: [4063.5653121814194, 4354.546914137426, 4167.570413858912, 4351.803581231431, 4380.658324080723, 3956.307294377807, 4460.745873594714, 4234.251449979791, 4566.725018920051, 4158.690831235736, 3777.6236707002927, 4559.105581670534, 4010.296917778744, 4269.905523061258, 4073.0634479402197, 4425.627831904897, 4100.069848812172, 4375.329116639295, 4014.1872650873806, 4259.585756475167, 4075.8642401390293, 4314.151030287678, 4478.278029617316, 4579.579008719649, 4172.844639694854, 4128.113127031293, 4575.180050882135, 4241.372431313971, 4297.224738743723, 4588.322268485953, 4001.8355381000265, 4356.611790736759, 4128.407688517059, 4070.1258895049227, 4118.226444813954, 4873.056103684576, 4286.344452834279, 3919.029906621559, 4359.085026266827, 4237.918199628342, 4216.596179871469, 3985.6380340048972, 4397.9660275512315, 4197.645418078363, 4075.132325401398, 4268.959842308803, 3908.707132633665, 4218.277433091136, 4049.856300115597, 4173.210722008831]

    MAE PYFUME: [4103.189159503366, 4034.6467053757556, 3797.869769111229, 4286.645625359156, 4199.365902932222, 4029.25311080189, 4165.051022808872, 4092.8402698199575, 4270.316086262553, 4109.6709603887475, 3788.812507000791, 3664.3777569658564, 4037.638043819362, 4078.40064907134, 3991.1963034139844, 3868.1479520372854, 3824.6899985060413, 4160.097628954, 4262.697186949852, 3951.7970629177435, 3884.103699534989, 3993.4891776600707, 4425.303578729123, 4229.735072359847, 4026.1749977395384, 4166.191251986182, 4095.321281284611, 4623.930315202976, 3645.5937825278925, 4007.416342207267, 4385.790316128547, 4120.822064859764, 3978.011375485398, 3882.836844268402, 3988.59610972117, 3776.0691380436115, 3852.9205815400314, 4038.584830132745, 4451.225282204405, 4007.4886776332028, 4296.999811587788, 4051.792876973452, 4014.14942433419, 3818.9441104675084, 4175.534294313333, 4096.406916485278, 4050.4976081916166, 3740.4365404420646, 4317.223006462736, 3959.9780651259252]

    ALL MAE: [[1788.8065145982555, 2050.1647109600553, 1841.246422108187, 1801.444608898317, 1917.2304067368473, 1455.8089011846491, 2025.1413712653505, 1919.0561582586515, 2453.788964493315, 1595.630399877398, 1291.3893096109819, 2291.7514281263275, 1811.1384128941022, 2313.1381293231825, 1542.8135201734467, 2551.540671532921, 1718.1884390091213, 2183.7289142326604, 1591.3812745419937, 2318.1832386279284, 1880.916174713673, 1860.68576645717, 2226.1407980738772, 1960.5456632925238, 2027.1234806528641, 1767.1075139215347, 2487.0434248158776, 2324.7312426417543, 1859.5608639239501, 2297.9977781839702, 1769.9559273721243, 2278.2852885144634, 1557.354053987496, 1822.982594556483, 1658.2071155595665, 2464.03208853792, 1953.6868641405745, 1651.4235981652187, 2234.046440403903, 2256.3157762010924, 1900.8187772978904, 1620.2358780457857, 2047.3457899885989, 1759.5142008026708, 1732.60413445086, 1986.2551106303533, 1559.3203803314318, 1953.48804599448, 1711.3555656946285, 1849.9627241717342], [2713.3626892912525, 2720.8292120353626, 2725.687925158147, 2729.9398632980606, 3052.305205082644, 2530.7260496885056, 2701.1072438057167, 2819.703709743208, 3231.3231417668553, 2867.9817642336907, 2553.085429340761, 2838.660818896305, 2750.6923098567836, 2721.2815002019565, 2536.548096025535, 2925.5525785698337, 2677.0634284514344, 2807.294091704534, 2672.6117689953517, 2618.3842495738604, 2729.8091726890266, 2762.1940067195465, 2783.145385452721, 2728.1826404156095, 2681.680528129918, 2659.3387464536286, 2980.19319921798, 2771.1267407658756, 2828.9369347902, 3249.7824222666086, 2873.5614719390414, 2902.966108398109, 2694.4814727016615, 2686.599255976618, 2525.3456413476274, 2807.569509668459, 2603.3352009406326, 2552.828105237707, 2906.8485455452624, 2753.8287922705313, 2551.8096357379077, 2638.830786306694, 2992.9077014260056, 2561.564856505972, 2775.080619535759, 2951.4503215760046, 2611.0131046490487, 2916.097905264667, 2589.7641145483026, 2917.4561342865604], [3802.432550295709, 3662.6941435266745, 3500.0247286407484, 3617.9645461261857, 3830.579867913075, 3163.9517114802584, 3546.005658879437, 3527.240858048651, 3694.949138035157, 3804.124998769461, 3345.5365014669055, 3867.806533838128, 3327.8369474545616, 4044.2889030521005, 3758.499690319156, 3598.562789809783, 3618.238282487749, 3755.5607281868324, 3486.750602149524, 3955.510318452783, 3774.4735705152348, 3822.158172694491, 3372.3259376989913, 3679.0928951892924, 3706.1204792519707, 3475.9582915974747, 3339.324632386627, 3681.927826275739, 3490.5984148631437, 4004.9684841858043, 3781.9877449041915, 3451.5170004590013, 3739.388160952075, 3376.2825893356785, 3736.4514655659927, 3687.5447005390447, 3627.725123582876, 3594.1133653705474, 3715.6577226916543, 3669.2339542941154, 3793.800962406988, 3147.785426187842, 3786.5916753120805, 3646.1052864983735, 3956.7799912200726, 3600.8263764437356, 3649.0380272427324, 3686.391379167989, 3379.52702304339, 3756.0387607834905], [4063.5653121814194, 4354.546914137426, 4167.570413858912, 4351.803581231431, 4380.658324080723, 3956.307294377807, 4460.745873594714, 4234.251449979791, 4566.725018920051, 4158.690831235736, 3777.6236707002927, 4559.105581670534, 4010.296917778744, 4269.905523061258, 4073.0634479402197, 4425.627831904897, 4100.069848812172, 4375.329116639295, 4014.1872650873806, 4259.585756475167, 4075.8642401390293, 4314.151030287678, 4478.278029617316, 4579.579008719649, 4172.844639694854, 4128.113127031293, 4575.180050882135, 4241.372431313971, 4297.224738743723, 4588.322268485953, 4001.8355381000265, 4356.611790736759, 4128.407688517059, 4070.1258895049227, 4118.226444813954, 4873.056103684576, 4286.344452834279, 3919.029906621559, 4359.085026266827, 4237.918199628342, 4216.596179871469, 3985.6380340048972, 4397.9660275512315, 4197.645418078363, 4075.132325401398, 4268.959842308803, 3908.707132633665, 4218.277433091136, 4049.856300115597, 4173.210722008831], [4103.189159503366, 4034.6467053757556, 3797.869769111229, 4286.645625359156, 4199.365902932222, 4029.25311080189, 4165.051022808872, 4092.8402698199575, 4270.316086262553, 4109.6709603887475, 3788.812507000791, 3664.3777569658564, 4037.638043819362, 4078.40064907134, 3991.1963034139844, 3868.1479520372854, 3824.6899985060413, 4160.097628954, 4262.697186949852, 3951.7970629177435, 3884.103699534989, 3993.4891776600707, 4425.303578729123, 4229.735072359847, 4026.1749977395384, 4166.191251986182, 4095.321281284611, 4623.930315202976, 3645.5937825278925, 4007.416342207267, 4385.790316128547, 4120.822064859764, 3978.011375485398, 3882.836844268402, 3988.59610972117, 3776.0691380436115, 3852.9205815400314, 4038.584830132745, 4451.225282204405, 4007.4886776332028, 4296.999811587788, 4051.792876973452, 4014.14942433419, 3818.9441104675084, 4175.534294313333, 4096.406916485278, 4050.4976081916166, 3740.4365404420646, 4317.223006462736, 3959.9780651259252]]

        
-----------------------------


    R2 GB: [0.8493273993571079, 0.8387743751243059, 0.8379434995952307, 0.8623776376646155, 0.7967301148150144, 0.8812909892427313, 0.8149081523881967, 0.8299538103622401, 0.7704970105555558, 0.8703931549909754, 0.8887452615833837, 0.798140823919584, 0.8312066615982352, 0.7806693249313221, 0.8297479711006805, 0.771706978190595, 0.8335393698426306, 0.8290978456633119, 0.8614228764370637, 0.8120643321622878, 0.8445906363872564, 0.7978261338505914, 0.8114159739130441, 0.8312092793197549, 0.8324094465027548, 0.8639697932257835, 0.8090421546252697, 0.7944789768468952, 0.828485253073775, 0.7871374136271849, 0.834665256405185, 0.8063154970362563, 0.8420045605466181, 0.8422195546191377, 0.8781425087767846, 0.8096522909054615, 0.8498702680436816, 0.8521905533696598, 0.8001905925918833, 0.8044283029594145, 0.8358792142952302, 0.8502944399549615, 0.8309889605280305, 0.8351682730345902, 0.8496560546608822, 0.8240538727021223, 0.8899032828508804, 0.8135850731451499, 0.818786964382136, 0.866552095791496]

    R2 RFOREST: [0.8422186807245153, 0.8448677700072887, 0.8373474962277726, 0.8543108703376386, 0.7801993301967981, 0.862339112631821, 0.82716037132005, 0.8262828632402381, 0.7745556189305001, 0.8304980269172925, 0.8547786262841012, 0.8183416528928599, 0.8144702482006001, 0.803501608296929, 0.823673083407091, 0.8200596230884144, 0.826585276446075, 0.8323439623887966, 0.8335447165904277, 0.855128443964414, 0.8489703553446786, 0.7851970443488758, 0.8127460422800572, 0.8359992673699914, 0.8565739454677984, 0.8616922380705598, 0.8353325641198422, 0.8378500295358116, 0.8445909391855284, 0.7823145920552736, 0.8168377018162838, 0.8258687300830525, 0.8324396967575605, 0.8512422287328228, 0.8714843800800831, 0.8265425661178971, 0.8702089868783128, 0.8491940051717031, 0.8066528223893284, 0.8206795394814539, 0.846407420850366, 0.8318695189348684, 0.8237300980804105, 0.8253617484745501, 0.8433860657745715, 0.8161769816755551, 0.8714242051737078, 0.7964100220849115, 0.8271475808948652, 0.852689212740838]

    R2 MLP: [0.7743103121067862, 0.7672337219437951, 0.8079720451292673, 0.8165105743834532, 0.7028440667627199, 0.8323327167093983, 0.7788832584758973, 0.7890747323735823, 0.7553464524449865, 0.7704198492529442, 0.8158747220083852, 0.7564966404586326, 0.7792577401391502, 0.7143555563380675, 0.7308450551041499, 0.7831064708893082, 0.7523535973407313, 0.7701421859850625, 0.7954981775973001, 0.7643608203125418, 0.7840268281810305, 0.7060635062476759, 0.7769643406855978, 0.7925057696835355, 0.8089166860264148, 0.8178872253764935, 0.8138995891549394, 0.7850914475928334, 0.8048429615435441, 0.7164377710269764, 0.7677251978846791, 0.8008131131665261, 0.7637845088363904, 0.8150933651361532, 0.773789802076857, 0.7897795645346527, 0.8012766980959405, 0.7774483375439496, 0.7619582352032255, 0.7676694326879536, 0.7554944429926519, 0.8174933320542269, 0.7709806831492826, 0.76224863464718, 0.7344758384181674, 0.7878540539851795, 0.7854641054289919, 0.7555806629328534, 0.757531107329477, 0.7959453398719731]

    R2 LINEAR: [0.7568199691280123, 0.7607763095507062, 0.7524021611740963, 0.7550883214828067, 0.6969618285957264, 0.7817045501995514, 0.715741285659486, 0.7351608537088418, 0.6825322166329739, 0.7489953849500757, 0.7905978472770254, 0.7207462709558949, 0.7467567560715729, 0.7085256167530307, 0.6946587919726792, 0.733169583769494, 0.7392008355199039, 0.7383063473446604, 0.7506259499559128, 0.7616266570535127, 0.76583492684106, 0.678211025066838, 0.7047647539390498, 0.7162628124468109, 0.7609644161377055, 0.7728489502231974, 0.7356169392981418, 0.7529290847873084, 0.7487557057862805, 0.6944070588416376, 0.7595808428135833, 0.737996664744033, 0.7301571415229101, 0.756971617802478, 0.792582953748747, 0.7122140016899199, 0.765184452514011, 0.7490844384304624, 0.7214832130542039, 0.7425806791737632, 0.7315855918612882, 0.7536047017308155, 0.7497781664873597, 0.7181573499175716, 0.7466466288275281, 0.7493202763844444, 0.7860985873408242, 0.7231697449197096, 0.7127337758185798, 0.7745886600699649]

    R2 PYFUME: [0.7427315847457537, 0.7682788040705926, 0.8025536802550535, 0.729986650828137, 0.7318088035880121, 0.7585806798506609, 0.7320395526413785, 0.7559287626711795, 0.758822621830554, 0.7548170117419997, 0.7489798773209022, 0.8184554942813174, 0.737494612208041, 0.7343490317654868, 0.6837887852426, 0.790815824874183, 0.7703693561816891, 0.7460899895340602, 0.677899989734314, 0.7680691798038932, 0.7862435220452324, 0.7069116656305138, 0.6977288360745943, 0.7383772383102067, 0.7915006547241695, 0.7485188574140644, 0.7820158537466634, 0.6854836872126135, 0.8052608472483418, 0.7624860909716343, 0.7346374055460457, 0.7664632571529795, 0.7450624422312913, 0.7541243274162692, 0.8054410263318869, 0.8189408564854519, 0.791834230679878, 0.7280649488744063, 0.6957629969901149, 0.7786627499208411, 0.6842626315967351, 0.7408352318075542, 0.7872574492248622, 0.7609701973196252, 0.7206613401742556, 0.7440631196822246, 0.7445290602484793, 0.7826725665005712, 0.6497132289595239, 0.8125048725463524]

    ALL R2: [[0.8493273993571079, 0.8387743751243059, 0.8379434995952307, 0.8623776376646155, 0.7967301148150144, 0.8812909892427313, 0.8149081523881967, 0.8299538103622401, 0.7704970105555558, 0.8703931549909754, 0.8887452615833837, 0.798140823919584, 0.8312066615982352, 0.7806693249313221, 0.8297479711006805, 0.771706978190595, 0.8335393698426306, 0.8290978456633119, 0.8614228764370637, 0.8120643321622878, 0.8445906363872564, 0.7978261338505914, 0.8114159739130441, 0.8312092793197549, 0.8324094465027548, 0.8639697932257835, 0.8090421546252697, 0.7944789768468952, 0.828485253073775, 0.7871374136271849, 0.834665256405185, 0.8063154970362563, 0.8420045605466181, 0.8422195546191377, 0.8781425087767846, 0.8096522909054615, 0.8498702680436816, 0.8521905533696598, 0.8001905925918833, 0.8044283029594145, 0.8358792142952302, 0.8502944399549615, 0.8309889605280305, 0.8351682730345902, 0.8496560546608822, 0.8240538727021223, 0.8899032828508804, 0.8135850731451499, 0.818786964382136, 0.866552095791496], [0.8422186807245153, 0.8448677700072887, 0.8373474962277726, 0.8543108703376386, 0.7801993301967981, 0.862339112631821, 0.82716037132005, 0.8262828632402381, 0.7745556189305001, 0.8304980269172925, 0.8547786262841012, 0.8183416528928599, 0.8144702482006001, 0.803501608296929, 0.823673083407091, 0.8200596230884144, 0.826585276446075, 0.8323439623887966, 0.8335447165904277, 0.855128443964414, 0.8489703553446786, 0.7851970443488758, 0.8127460422800572, 0.8359992673699914, 0.8565739454677984, 0.8616922380705598, 0.8353325641198422, 0.8378500295358116, 0.8445909391855284, 0.7823145920552736, 0.8168377018162838, 0.8258687300830525, 0.8324396967575605, 0.8512422287328228, 0.8714843800800831, 0.8265425661178971, 0.8702089868783128, 0.8491940051717031, 0.8066528223893284, 0.8206795394814539, 0.846407420850366, 0.8318695189348684, 0.8237300980804105, 0.8253617484745501, 0.8433860657745715, 0.8161769816755551, 0.8714242051737078, 0.7964100220849115, 0.8271475808948652, 0.852689212740838], [0.7743103121067862, 0.7672337219437951, 0.8079720451292673, 0.8165105743834532, 0.7028440667627199, 0.8323327167093983, 0.7788832584758973, 0.7890747323735823, 0.7553464524449865, 0.7704198492529442, 0.8158747220083852, 0.7564966404586326, 0.7792577401391502, 0.7143555563380675, 0.7308450551041499, 0.7831064708893082, 0.7523535973407313, 0.7701421859850625, 0.7954981775973001, 0.7643608203125418, 0.7840268281810305, 0.7060635062476759, 0.7769643406855978, 0.7925057696835355, 0.8089166860264148, 0.8178872253764935, 0.8138995891549394, 0.7850914475928334, 0.8048429615435441, 0.7164377710269764, 0.7677251978846791, 0.8008131131665261, 0.7637845088363904, 0.8150933651361532, 0.773789802076857, 0.7897795645346527, 0.8012766980959405, 0.7774483375439496, 0.7619582352032255, 0.7676694326879536, 0.7554944429926519, 0.8174933320542269, 0.7709806831492826, 0.76224863464718, 0.7344758384181674, 0.7878540539851795, 0.7854641054289919, 0.7555806629328534, 0.757531107329477, 0.7959453398719731], [0.7568199691280123, 0.7607763095507062, 0.7524021611740963, 0.7550883214828067, 0.6969618285957264, 0.7817045501995514, 0.715741285659486, 0.7351608537088418, 0.6825322166329739, 0.7489953849500757, 0.7905978472770254, 0.7207462709558949, 0.7467567560715729, 0.7085256167530307, 0.6946587919726792, 0.733169583769494, 0.7392008355199039, 0.7383063473446604, 0.7506259499559128, 0.7616266570535127, 0.76583492684106, 0.678211025066838, 0.7047647539390498, 0.7162628124468109, 0.7609644161377055, 0.7728489502231974, 0.7356169392981418, 0.7529290847873084, 0.7487557057862805, 0.6944070588416376, 0.7595808428135833, 0.737996664744033, 0.7301571415229101, 0.756971617802478, 0.792582953748747, 0.7122140016899199, 0.765184452514011, 0.7490844384304624, 0.7214832130542039, 0.7425806791737632, 0.7315855918612882, 0.7536047017308155, 0.7497781664873597, 0.7181573499175716, 0.7466466288275281, 0.7493202763844444, 0.7860985873408242, 0.7231697449197096, 0.7127337758185798, 0.7745886600699649], [0.7427315847457537, 0.7682788040705926, 0.8025536802550535, 0.729986650828137, 0.7318088035880121, 0.7585806798506609, 0.7320395526413785, 0.7559287626711795, 0.758822621830554, 0.7548170117419997, 0.7489798773209022, 0.8184554942813174, 0.737494612208041, 0.7343490317654868, 0.6837887852426, 0.790815824874183, 0.7703693561816891, 0.7460899895340602, 0.677899989734314, 0.7680691798038932, 0.7862435220452324, 0.7069116656305138, 0.6977288360745943, 0.7383772383102067, 0.7915006547241695, 0.7485188574140644, 0.7820158537466634, 0.6854836872126135, 0.8052608472483418, 0.7624860909716343, 0.7346374055460457, 0.7664632571529795, 0.7450624422312913, 0.7541243274162692, 0.8054410263318869, 0.8189408564854519, 0.791834230679878, 0.7280649488744063, 0.6957629969901149, 0.7786627499208411, 0.6842626315967351, 0.7408352318075542, 0.7872574492248622, 0.7609701973196252, 0.7206613401742556, 0.7440631196822246, 0.7445290602484793, 0.7826725665005712, 0.6497132289595239, 0.8125048725463524]]

        