All Regressors Embedded results
-----------------------------


    MAE GB: [1634.5903113316692, 1613.5891732603582, 1745.815566834418, 1528.90332376223, 1726.0499155265918]

    MAE RFOREST: [2910.0534245173526, 2728.963675055245, 2678.95763547552, 2681.565918203168, 2954.3994769145934]

    MAE MLP: [4292.838035954212, 5030.685700042079, 4418.764641614419, 4639.545583654346, 3998.0096727482787]

    MAE LINEAR: [2867.074216559922, 2890.9634929408894, 3046.797170716203, 2925.1521649361075, 3039.6650445450123]

    ALL MAE: [[1634.5903113316692, 1613.5891732603582, 1745.815566834418, 1528.90332376223, 1726.0499155265918], [2910.0534245173526, 2728.963675055245, 2678.95763547552, 2681.565918203168, 2954.3994769145934], [4292.838035954212, 5030.685700042079, 4418.764641614419, 4639.545583654346, 3998.0096727482787], [2867.074216559922, 2890.9634929408894, 3046.797170716203, 2925.1521649361075, 3039.6650445450123]]

        
-----------------------------


    R2 GB: [0.8481552044081185, 0.8277773945237419, 0.8306566968721739, 0.8498150032027794, 0.7994773688966703]

    R2 RFOREST: [0.8231553729502914, 0.8046249868849064, 0.8091207666751845, 0.8407955646730892, 0.7847464841967313]

    R2 MLP: [0.6862825400725188, 0.4584138552445626, 0.6835051962466325, 0.6522581301126302, 0.6962537420246655]

    R2 LINEAR: [0.833458372215468, 0.8013240512076919, 0.8202515731223211, 0.8318778665374491, 0.7902975441190655]

    ALL R2: [[0.8481552044081185, 0.8277773945237419, 0.8306566968721739, 0.8498150032027794, 0.7994773688966703], [0.8231553729502914, 0.8046249868849064, 0.8091207666751845, 0.8407955646730892, 0.7847464841967313], [0.6862825400725188, 0.4584138552445626, 0.6835051962466325, 0.6522581301126302, 0.6962537420246655], [0.833458372215468, 0.8013240512076919, 0.8202515731223211, 0.8318778665374491, 0.7902975441190655]]

        