All Regressors results
-----------------------------


    MAE GB: [24331570.39694485, 24606882.864480633, 22055342.31393554, 24633752.647084326, 24512054.942858703, 22983041.111733057, 22739435.527179938, 25499182.01172617, 24327983.57383504, 24869747.59424516, 27012570.42681933, 22922903.614020936, 25692038.620652694, 24857513.795670934, 21995530.91073025, 22114890.22870172, 24759165.648591734, 26715005.366155084, 23000747.82211046, 26722741.714301977, 26003575.845932152, 23486315.959976997, 24729060.26985136, 23169868.549737427, 24925950.046026133, 24617777.103396617, 25283875.563940205, 25227371.03315721, 22742088.98762006, 21790327.59180965, 28381023.42616783, 24416200.180057585, 22993444.8746949, 22577467.332252465, 24297907.554943528, 24523889.533021104, 26858853.185904857, 22819239.434023682, 24677862.416546844, 27363969.995160803, 22803939.290394753, 25901373.986635525, 27453953.221683532, 25166265.490667697, 23328445.728309605, 24834557.573915645, 23656671.98337736, 22724845.54806959, 24508754.52798786, 25883154.428143427]

    MAE RFOREST: [24925607.41089524, 22795545.751504764, 23494121.071161907, 24116206.31910476, 24346560.973504763, 24037989.6724, 24046335.494838096, 24668302.17893333, 24449367.845961906, 24265429.99838095, 25963802.61826667, 23601273.194780953, 25021264.563542858, 25344976.169580955, 22157768.501714285, 21231858.76161905, 24472759.889714286, 25831063.474609524, 24400206.844304767, 26606940.35333333, 24823217.7092, 21607819.355752382, 24975813.59089524, 23282196.399961904, 24522063.959619045, 24961183.730152383, 24438554.248152383, 24963690.680285715, 23605945.086704765, 23941972.848552376, 26108137.179371428, 24145120.1448, 23451433.902819045, 21904884.931580957, 24214074.25695238, 23624366.191923805, 25826890.88727619, 23441497.289047617, 24401238.536895238, 24806422.9624, 22829082.462095235, 25776470.29794286, 25969688.947199997, 23895020.267085712, 24272748.48470476, 23849300.950495236, 22751198.407657143, 21589539.823999997, 23903507.88969524, 25735800.725638095]

    MAE MLP: [29140704.780466244, 30926939.043679982, 29504687.134637486, 30361127.466345906, 30922162.926866412, 33950980.83772257, 29175561.38948799, 29259488.981681015, 31111900.049462833, 28862832.71865717, 31844168.838824496, 27364888.014814667, 30773443.764833227, 29319651.379291486, 24893574.708647802, 26500693.784619186, 32182617.37165474, 29788152.684596013, 30962940.48075464, 30053584.21430389, 29048128.452969488, 28758762.399673987, 32096978.403848544, 29602357.692917716, 30527463.513359457, 31892304.33785855, 33598636.60344519, 32773213.947285395, 28276525.054515038, 29687921.08406355, 34844944.33390764, 31782578.297075704, 27570070.457544867, 28773469.25871108, 25980001.044972878, 29035658.478743177, 28054906.858980887, 27479381.536528006, 27704366.122203935, 29741370.665920626, 27458606.071552195, 29250662.28317627, 31463517.4963093, 31032440.374869406, 30201166.088373393, 29176102.78637602, 29075405.5579533, 27727333.327608854, 31330116.38822303, 29434058.77403945]

    MAE LINEAR: [34040276.38222495, 33314433.95373714, 32440755.629350025, 33204911.22393214, 32824789.604362182, 32718725.365584724, 32274957.790239803, 33860228.78981837, 33936471.81111966, 32688379.684889745, 36066192.532917276, 33724171.74738149, 32765827.16701006, 34774267.31985248, 31974043.020854354, 30974161.221376766, 35575551.654321425, 36172604.894528605, 33929726.758403204, 34354438.920001686, 31994995.59960777, 33591517.09788695, 34873970.14026578, 31916548.117269773, 33940369.744321294, 34114725.40896949, 35843731.46139028, 34092483.451228224, 32995060.694747403, 31793383.792384263, 37287664.30950288, 32957764.114231475, 31528220.472920846, 32270706.074847236, 32530981.313557047, 32907924.14847264, 34227013.44518768, 30862487.463233244, 34752527.09987009, 35086160.68723096, 31769910.503455184, 33237204.999006305, 34168333.59836199, 31751857.537666865, 33677169.03369223, 36587894.49583089, 31805469.102546602, 31148945.381405536, 35861579.16808566, 35443037.73788817]

    MAE PYFUME: [33490872.415785916, 36337748.22115387, 32181532.68538013, 37397938.68565819, 32000096.84655283, 33841017.80748206, 34803646.58782696, 33272420.655408222, 36675172.765854105, 30846690.615961056, 32284194.6274664, 32070495.072800267, 32896992.467112157, 51404192.93114576, 32737317.605831865, 32444654.804868214, 35110644.945538096, 33998749.9638569, 32653811.931540474, 31501650.34791251, 31803139.652215116, 37542157.94397988, 31002821.00726122, 33971525.65509452, 36552498.81773557, 35056642.26930153, 34236511.3753981, 30169643.781237904, 36055431.003598176, 37028787.00689025, 32801701.79166533, 31579397.55251329, 37652929.172927, 34319683.77712536, 34222882.9016153, 32414549.644538615, 33665852.650365405, 30623162.997651365, 31977186.806989152, 33279368.04270082, 30384566.59190286, 34067272.80281202, 32907079.54763304, 31737429.641226314, 35782350.96798514, 32559019.634040833, 34823068.970086426, 35187205.11914955, 32322600.21838905, 30579951.624091357]

    ALL MAE: [[24331570.39694485, 24606882.864480633, 22055342.31393554, 24633752.647084326, 24512054.942858703, 22983041.111733057, 22739435.527179938, 25499182.01172617, 24327983.57383504, 24869747.59424516, 27012570.42681933, 22922903.614020936, 25692038.620652694, 24857513.795670934, 21995530.91073025, 22114890.22870172, 24759165.648591734, 26715005.366155084, 23000747.82211046, 26722741.714301977, 26003575.845932152, 23486315.959976997, 24729060.26985136, 23169868.549737427, 24925950.046026133, 24617777.103396617, 25283875.563940205, 25227371.03315721, 22742088.98762006, 21790327.59180965, 28381023.42616783, 24416200.180057585, 22993444.8746949, 22577467.332252465, 24297907.554943528, 24523889.533021104, 26858853.185904857, 22819239.434023682, 24677862.416546844, 27363969.995160803, 22803939.290394753, 25901373.986635525, 27453953.221683532, 25166265.490667697, 23328445.728309605, 24834557.573915645, 23656671.98337736, 22724845.54806959, 24508754.52798786, 25883154.428143427], [24925607.41089524, 22795545.751504764, 23494121.071161907, 24116206.31910476, 24346560.973504763, 24037989.6724, 24046335.494838096, 24668302.17893333, 24449367.845961906, 24265429.99838095, 25963802.61826667, 23601273.194780953, 25021264.563542858, 25344976.169580955, 22157768.501714285, 21231858.76161905, 24472759.889714286, 25831063.474609524, 24400206.844304767, 26606940.35333333, 24823217.7092, 21607819.355752382, 24975813.59089524, 23282196.399961904, 24522063.959619045, 24961183.730152383, 24438554.248152383, 24963690.680285715, 23605945.086704765, 23941972.848552376, 26108137.179371428, 24145120.1448, 23451433.902819045, 21904884.931580957, 24214074.25695238, 23624366.191923805, 25826890.88727619, 23441497.289047617, 24401238.536895238, 24806422.9624, 22829082.462095235, 25776470.29794286, 25969688.947199997, 23895020.267085712, 24272748.48470476, 23849300.950495236, 22751198.407657143, 21589539.823999997, 23903507.88969524, 25735800.725638095], [29140704.780466244, 30926939.043679982, 29504687.134637486, 30361127.466345906, 30922162.926866412, 33950980.83772257, 29175561.38948799, 29259488.981681015, 31111900.049462833, 28862832.71865717, 31844168.838824496, 27364888.014814667, 30773443.764833227, 29319651.379291486, 24893574.708647802, 26500693.784619186, 32182617.37165474, 29788152.684596013, 30962940.48075464, 30053584.21430389, 29048128.452969488, 28758762.399673987, 32096978.403848544, 29602357.692917716, 30527463.513359457, 31892304.33785855, 33598636.60344519, 32773213.947285395, 28276525.054515038, 29687921.08406355, 34844944.33390764, 31782578.297075704, 27570070.457544867, 28773469.25871108, 25980001.044972878, 29035658.478743177, 28054906.858980887, 27479381.536528006, 27704366.122203935, 29741370.665920626, 27458606.071552195, 29250662.28317627, 31463517.4963093, 31032440.374869406, 30201166.088373393, 29176102.78637602, 29075405.5579533, 27727333.327608854, 31330116.38822303, 29434058.77403945], [34040276.38222495, 33314433.95373714, 32440755.629350025, 33204911.22393214, 32824789.604362182, 32718725.365584724, 32274957.790239803, 33860228.78981837, 33936471.81111966, 32688379.684889745, 36066192.532917276, 33724171.74738149, 32765827.16701006, 34774267.31985248, 31974043.020854354, 30974161.221376766, 35575551.654321425, 36172604.894528605, 33929726.758403204, 34354438.920001686, 31994995.59960777, 33591517.09788695, 34873970.14026578, 31916548.117269773, 33940369.744321294, 34114725.40896949, 35843731.46139028, 34092483.451228224, 32995060.694747403, 31793383.792384263, 37287664.30950288, 32957764.114231475, 31528220.472920846, 32270706.074847236, 32530981.313557047, 32907924.14847264, 34227013.44518768, 30862487.463233244, 34752527.09987009, 35086160.68723096, 31769910.503455184, 33237204.999006305, 34168333.59836199, 31751857.537666865, 33677169.03369223, 36587894.49583089, 31805469.102546602, 31148945.381405536, 35861579.16808566, 35443037.73788817], [33490872.415785916, 36337748.22115387, 32181532.68538013, 37397938.68565819, 32000096.84655283, 33841017.80748206, 34803646.58782696, 33272420.655408222, 36675172.765854105, 30846690.615961056, 32284194.6274664, 32070495.072800267, 32896992.467112157, 51404192.93114576, 32737317.605831865, 32444654.804868214, 35110644.945538096, 33998749.9638569, 32653811.931540474, 31501650.34791251, 31803139.652215116, 37542157.94397988, 31002821.00726122, 33971525.65509452, 36552498.81773557, 35056642.26930153, 34236511.3753981, 30169643.781237904, 36055431.003598176, 37028787.00689025, 32801701.79166533, 31579397.55251329, 37652929.172927, 34319683.77712536, 34222882.9016153, 32414549.644538615, 33665852.650365405, 30623162.997651365, 31977186.806989152, 33279368.04270082, 30384566.59190286, 34067272.80281202, 32907079.54763304, 31737429.641226314, 35782350.96798514, 32559019.634040833, 34823068.970086426, 35187205.11914955, 32322600.21838905, 30579951.624091357]]

        
-----------------------------


    R2 GB: [0.6775735424012119, 0.631845130864052, 0.6634096651798526, 0.5625810120150729, 0.6523985018795465, 0.7112563386989148, 0.713387299600526, 0.6588095923480446, 0.6913386784704061, 0.6738926277827894, 0.6138634341207301, 0.6074102122490395, 0.63662261788059, 0.6648258821302505, 0.7047212563238485, 0.6992155303208434, 0.6600336148661119, 0.6183863381523709, 0.6861011956219749, 0.5746597188713433, 0.620159283115888, 0.6594893632329003, 0.6731874341096977, 0.6606150927810575, 0.6912887531969798, 0.6608169561970261, 0.6291991432608854, 0.6259251329213267, 0.6535766739132343, 0.667200946934357, 0.610104268697961, 0.6448100516048088, 0.6575941609264608, 0.6242026728196342, 0.6227709348713915, 0.635463668901157, 0.5993623362274544, 0.6086793333564404, 0.6170156428095535, 0.6205182726771865, 0.6622473980426369, 0.5698323478077592, 0.5847737828440024, 0.649940623035586, 0.6488135719357212, 0.6322971011229378, 0.6700138443209072, 0.6982597315402487, 0.6298748021712097, 0.6567249818802552]

    R2 RFOREST: [0.7058852428435002, 0.7152952598345064, 0.6575205395505835, 0.6155609530266326, 0.694621987604138, 0.7230884332364982, 0.7183993855035038, 0.7397232932861562, 0.743994508723123, 0.7154828156735502, 0.6617273626251909, 0.6410811646703511, 0.7036676707097224, 0.6952371418346921, 0.7062978728043893, 0.7625913652778956, 0.7023490966973622, 0.6665577467379975, 0.6981184165499814, 0.6231461431262934, 0.7037360477920571, 0.7375838249254612, 0.6875093138678864, 0.6909479254360267, 0.734972583668742, 0.7090208018669306, 0.71925329099148, 0.6552356801111049, 0.6593175728824944, 0.6302873092368662, 0.6926134217370372, 0.72134142272735, 0.6713249974141335, 0.6736473256222721, 0.666146837843101, 0.6852173229465938, 0.6687731529567902, 0.6178993693086795, 0.685446581802388, 0.7156227883890773, 0.7076019315810459, 0.5809007445081579, 0.6797548336332218, 0.7576162905064281, 0.6615514673957912, 0.6920924666308658, 0.7480494048104127, 0.7488268511247294, 0.6711639769736439, 0.7093573804690653]

    R2 MLP: [0.6535149932879889, 0.5489704866517939, 0.4969061164607521, 0.4762562147814182, 0.5536655057536461, 0.44424987256363546, 0.6135120804187644, 0.6747184894469673, 0.5139449766276281, 0.6543584824474393, 0.5396559590703934, 0.5466770775554105, 0.6148973999763321, 0.5613846543134142, 0.6949204419960499, 0.6663547453634745, 0.42353543812535, 0.6309108395733993, 0.5318521097781896, 0.5759822868733273, 0.6459226204315321, 0.6003069101844115, 0.47622401322845587, 0.5475033143800733, 0.5451527482950096, 0.5023657908256403, 0.453409355973717, 0.27002241600937227, 0.41747728689132557, 0.5102696784438012, 0.5286696568350446, 0.5373260589723272, 0.5999862495724914, 0.4749466629580541, 0.680679503492578, 0.5522240841590027, 0.6565735535992921, 0.5511999095807909, 0.6598525873724123, 0.6795619530681145, 0.6289135846233749, 0.5318725665993947, 0.4948775350889938, 0.645061484994792, 0.5194694933333295, 0.5682694098592106, 0.6345153284793988, 0.6272343378859936, 0.4365226676343905, 0.6652808157271712]

    R2 LINEAR: [0.5100539413434364, 0.5127357468599424, 0.3675585136199435, 0.36497516269270447, 0.5236936900195134, 0.4121573113041479, 0.4898225462721344, 0.5247416393823949, 0.5440989532908866, 0.5719690690574373, 0.2513521629425086, 0.05488143677804158, 0.5183317897572124, 0.3486713681398529, 0.4465044827251321, 0.6019690472440244, 0.3833159583799909, 0.4474219874482275, 0.517942290257879, 0.47223347564410034, 0.5704112237731476, 0.47112959144164535, 0.47298894050374907, 0.5807653078674229, 0.619560748763006, 0.5356300714847364, 0.44081872262513533, 0.41211263337741333, 0.34202626263046043, 0.3761015589349592, 0.47012216558921993, 0.5459839259154613, 0.5020853581693805, 0.279229125977683, 0.4219983494582773, 0.3593274456956451, 0.5196381870161326, 0.47130327498985614, 0.421858046199437, 0.5214533218539367, 0.5074494570132957, 0.450913201231934, 0.5289545555865942, 0.5896981031042725, 0.44395496492699205, -0.27221123723248386, 0.5698247710855113, 0.5862693331323299, -0.15171655563612485, 0.5152208444776109]

    R2 PYFUME: [0.4983574821885952, -0.37402001520388284, -0.2119984596874971, -3.339929533577889, 0.570228545427401, 0.2597062257082243, -1.2706720565705631, 0.20481502278782981, -0.08479238719443116, 0.6569340880695372, 0.6236364135372126, 0.07579088619986729, 0.5708430148955692, -13.318040025347358, 0.15069845639392498, 0.51367878151599, 0.4176043990869708, 0.5277250449525084, -0.1650546089644096, 0.6033520865155373, 0.6616994731422896, 0.32230950313546936, 0.48911525086490637, 0.5253268555217294, -0.10031212702319259, 0.5479329955237113, 0.41636671690894855, 0.45755521933251453, 0.281837902388026, -0.5914250955482125, 0.594034587439102, 0.5647604611392625, 0.28141976794388845, 0.35495885357551404, 0.3815416524403178, 0.42608878038012243, 0.5968016210559068, 0.48042761994098615, 0.5398538146428628, 0.2307127141304086, 0.5820064381104568, 0.498416705485637, 0.5737062404481041, 0.6396477257520278, -0.13952124299992907, 0.31232160550518584, 0.4565741851367151, 0.3747163630071274, 0.12758794910664106, 0.6631377142259696]

    ALL R2: [[0.6775735424012119, 0.631845130864052, 0.6634096651798526, 0.5625810120150729, 0.6523985018795465, 0.7112563386989148, 0.713387299600526, 0.6588095923480446, 0.6913386784704061, 0.6738926277827894, 0.6138634341207301, 0.6074102122490395, 0.63662261788059, 0.6648258821302505, 0.7047212563238485, 0.6992155303208434, 0.6600336148661119, 0.6183863381523709, 0.6861011956219749, 0.5746597188713433, 0.620159283115888, 0.6594893632329003, 0.6731874341096977, 0.6606150927810575, 0.6912887531969798, 0.6608169561970261, 0.6291991432608854, 0.6259251329213267, 0.6535766739132343, 0.667200946934357, 0.610104268697961, 0.6448100516048088, 0.6575941609264608, 0.6242026728196342, 0.6227709348713915, 0.635463668901157, 0.5993623362274544, 0.6086793333564404, 0.6170156428095535, 0.6205182726771865, 0.6622473980426369, 0.5698323478077592, 0.5847737828440024, 0.649940623035586, 0.6488135719357212, 0.6322971011229378, 0.6700138443209072, 0.6982597315402487, 0.6298748021712097, 0.6567249818802552], [0.7058852428435002, 0.7152952598345064, 0.6575205395505835, 0.6155609530266326, 0.694621987604138, 0.7230884332364982, 0.7183993855035038, 0.7397232932861562, 0.743994508723123, 0.7154828156735502, 0.6617273626251909, 0.6410811646703511, 0.7036676707097224, 0.6952371418346921, 0.7062978728043893, 0.7625913652778956, 0.7023490966973622, 0.6665577467379975, 0.6981184165499814, 0.6231461431262934, 0.7037360477920571, 0.7375838249254612, 0.6875093138678864, 0.6909479254360267, 0.734972583668742, 0.7090208018669306, 0.71925329099148, 0.6552356801111049, 0.6593175728824944, 0.6302873092368662, 0.6926134217370372, 0.72134142272735, 0.6713249974141335, 0.6736473256222721, 0.666146837843101, 0.6852173229465938, 0.6687731529567902, 0.6178993693086795, 0.685446581802388, 0.7156227883890773, 0.7076019315810459, 0.5809007445081579, 0.6797548336332218, 0.7576162905064281, 0.6615514673957912, 0.6920924666308658, 0.7480494048104127, 0.7488268511247294, 0.6711639769736439, 0.7093573804690653], [0.6535149932879889, 0.5489704866517939, 0.4969061164607521, 0.4762562147814182, 0.5536655057536461, 0.44424987256363546, 0.6135120804187644, 0.6747184894469673, 0.5139449766276281, 0.6543584824474393, 0.5396559590703934, 0.5466770775554105, 0.6148973999763321, 0.5613846543134142, 0.6949204419960499, 0.6663547453634745, 0.42353543812535, 0.6309108395733993, 0.5318521097781896, 0.5759822868733273, 0.6459226204315321, 0.6003069101844115, 0.47622401322845587, 0.5475033143800733, 0.5451527482950096, 0.5023657908256403, 0.453409355973717, 0.27002241600937227, 0.41747728689132557, 0.5102696784438012, 0.5286696568350446, 0.5373260589723272, 0.5999862495724914, 0.4749466629580541, 0.680679503492578, 0.5522240841590027, 0.6565735535992921, 0.5511999095807909, 0.6598525873724123, 0.6795619530681145, 0.6289135846233749, 0.5318725665993947, 0.4948775350889938, 0.645061484994792, 0.5194694933333295, 0.5682694098592106, 0.6345153284793988, 0.6272343378859936, 0.4365226676343905, 0.6652808157271712], [0.5100539413434364, 0.5127357468599424, 0.3675585136199435, 0.36497516269270447, 0.5236936900195134, 0.4121573113041479, 0.4898225462721344, 0.5247416393823949, 0.5440989532908866, 0.5719690690574373, 0.2513521629425086, 0.05488143677804158, 0.5183317897572124, 0.3486713681398529, 0.4465044827251321, 0.6019690472440244, 0.3833159583799909, 0.4474219874482275, 0.517942290257879, 0.47223347564410034, 0.5704112237731476, 0.47112959144164535, 0.47298894050374907, 0.5807653078674229, 0.619560748763006, 0.5356300714847364, 0.44081872262513533, 0.41211263337741333, 0.34202626263046043, 0.3761015589349592, 0.47012216558921993, 0.5459839259154613, 0.5020853581693805, 0.279229125977683, 0.4219983494582773, 0.3593274456956451, 0.5196381870161326, 0.47130327498985614, 0.421858046199437, 0.5214533218539367, 0.5074494570132957, 0.450913201231934, 0.5289545555865942, 0.5896981031042725, 0.44395496492699205, -0.27221123723248386, 0.5698247710855113, 0.5862693331323299, -0.15171655563612485, 0.5152208444776109], [0.4983574821885952, -0.37402001520388284, -0.2119984596874971, -3.339929533577889, 0.570228545427401, 0.2597062257082243, -1.2706720565705631, 0.20481502278782981, -0.08479238719443116, 0.6569340880695372, 0.6236364135372126, 0.07579088619986729, 0.5708430148955692, -13.318040025347358, 0.15069845639392498, 0.51367878151599, 0.4176043990869708, 0.5277250449525084, -0.1650546089644096, 0.6033520865155373, 0.6616994731422896, 0.32230950313546936, 0.48911525086490637, 0.5253268555217294, -0.10031212702319259, 0.5479329955237113, 0.41636671690894855, 0.45755521933251453, 0.281837902388026, -0.5914250955482125, 0.594034587439102, 0.5647604611392625, 0.28141976794388845, 0.35495885357551404, 0.3815416524403178, 0.42608878038012243, 0.5968016210559068, 0.48042761994098615, 0.5398538146428628, 0.2307127141304086, 0.5820064381104568, 0.498416705485637, 0.5737062404481041, 0.6396477257520278, -0.13952124299992907, 0.31232160550518584, 0.4565741851367151, 0.3747163630071274, 0.12758794910664106, 0.6631377142259696]]
