All Regressors Embedded results
-----------------------------


    MAE GB: [26793328.198456477, 24183915.15686776, 26594687.047202546, 25967661.55700285, 24983080.573546547]

    MAE RFOREST: [26626090.29701299, 25199426.55600288, 26132159.354227994, 26140179.618658014, 24536554.923131313]

    MAE MLP: [40331001.36572469, 35207069.04012066, 37526029.7622141, 44024618.86617738, 38186662.2631883]

    MAE LINEAR: [31239626.770612318, 30311103.482635476, 30724045.715158828, 30181916.03807546, 32553702.41638178]

    ALL MAE: [[26793328.198456477, 24183915.15686776, 26594687.047202546, 25967661.55700285, 24983080.573546547], [26626090.29701299, 25199426.55600288, 26132159.354227994, 26140179.618658014, 24536554.923131313], [40331001.36572469, 35207069.04012066, 37526029.7622141, 44024618.86617738, 38186662.2631883], [31239626.770612318, 30311103.482635476, 30724045.715158828, 30181916.03807546, 32553702.41638178]]

        
-----------------------------


    R2 GB: [0.6643551897106771, 0.7392283141072651, 0.6770366168495908, 0.6851811429880952, 0.681890446109646]

    R2 RFOREST: [0.6737907455058809, 0.7217546448707612, 0.6833776465186636, 0.6783378870529282, 0.7060362841885849]

    R2 MLP: [-0.6917330987642614, 0.4282459994575183, -0.03139547202938853, -0.3171808441927566, -2.2569911343989792]

    R2 LINEAR: [-0.13418561457678768, 0.601920601452554, -0.0997345619545087, -0.17144936724206006, -0.7364867434412841]

    ALL R2: [[0.6643551897106771, 0.7392283141072651, 0.6770366168495908, 0.6851811429880952, 0.681890446109646], [0.6737907455058809, 0.7217546448707612, 0.6833776465186636, 0.6783378870529282, 0.7060362841885849], [-0.6917330987642614, 0.4282459994575183, -0.03139547202938853, -0.3171808441927566, -2.2569911343989792], [-0.13418561457678768, 0.601920601452554, -0.0997345619545087, -0.17144936724206006, -0.7364867434412841]]

        